The data where generated using the simulated 
ec = 0.479 GHz 
ej = 3.395 GHz 
el = 0.132 GHz 
phi_bias = 3.141592653589793 GHz 
n_fock = 1000 GHz 
n_fock_wave = 150 GHz 
We obtain the following transition frequencies: 
delta_eg = 0.013881558098802125 GHz 
delta_fe = 2.9509144499215316 GHz 
delta_hf = 0.25348453246241215 GHz 
